#----------------------------------------------------------------------
# Basis Set Exchange
# Version v0.8.13
# https://www.basissetexchange.org
#----------------------------------------------------------------------
#   Basis set: aug-pcseg-2
# Description: Segmented contracted version of the aug-pc-2 basis
#        Role: orbital
#     Version: 1  (Data from Frank Jensen (2014))
#----------------------------------------------------------------------


# Nitrogen aug-pcseg-2 (12s,7p,3d,2f) -> [5s,4p,3d,2f]
N aug-pcseg-2
    14
1 0 0 7 1
      0.101643E+05           0.682757E-03
      0.152481E+04           0.527488E-02
      0.347119E+03           0.270037E-01
      0.982389E+02           0.103673E+00
      0.317799E+02           0.289575E+00
      0.112240E+02           0.500000E+00
      0.406611E+01           0.364621E+00
1 0 0 2 1
      0.747898E+01          -0.975681E-01
      0.805040E+00           0.500000E+00
1 0 0 1 1
      0.324626E+00           1.0000000
1 0 0 1 1
      0.128132E+00           1.0000000
1 0 0 1 1
      0.468740E-01           1.0000000
1 1 1 4 1
      0.482704E+02           0.829547E-02
      0.110815E+02           0.596223E-01
      0.326643E+01           0.227889E+00
      0.111680E+01           0.500000E+00
1 1 1 1 1
      0.382049E+00           1.0000000
1 1 1 1 1
      0.121222E+00           1.0000000
1 1 1 1 1
      0.361680E-01           1.0000000
1 2 2 1 1
      0.180000E+01           1.0000000
1 2 2 1 1
      0.550000E+00           1.0000000
1 2 2 1 1
      0.108500E+00           1.0000000
1 3 3 1 1
      0.102000E+01           1.0000000
1 3 3 1 1
      0.144670E+00           1.0000000


#----------------------------------------------------------------------
# Basis Set Exchange
# Version v0.8.13
# https://www.basissetexchange.org
#----------------------------------------------------------------------
#   Basis set: aug-admm-2
# Description: Auxilliary basis with diffuse functions for use with
#                    aug-pcseg-2 and the Auxiliary-Density Matrix
#                    Method (ADMM)
#        Role: admmfit
#     Version: 1  (Data from Frank Jensen)
#----------------------------------------------------------------------


# Nitrogen aug-admm-2 (6s,4p,2d) -> [5s,3p,2d]
N aug-admm-2
    3
1 0 0 6 5
      0.150607E+03           0.117062E+00           0.000000E+00           0.000000E+00           0.000000E+00           0.000000E+00
      0.252635E+02           0.500000E+00           0.000000E+00           0.000000E+00           0.000000E+00           0.000000E+00
      0.606294E+01           0.000000E+00           0.100000E+01           0.000000E+00           0.000000E+00           0.000000E+00
      0.682374E+00           0.000000E+00           0.000000E+00           0.100000E+01           0.000000E+00           0.000000E+00
      0.197672E+00           0.000000E+00           0.000000E+00           0.000000E+00           0.100000E+01           0.000000E+00
      0.541260E-01           0.000000E+00           0.000000E+00           0.000000E+00           0.000000E+00           0.100000E+01
1 1 1 4 3
      0.410611E+01           0.185496E+00           0.000000E+00           0.000000E+00
      0.868397E+00           0.500000E+00           0.000000E+00           0.000000E+00
      0.220959E+00           0.000000E+00           0.100000E+01           0.000000E+00
      0.552400E-01           0.000000E+00           0.000000E+00           0.100000E+01
1 2 2 2 2
      0.900000E+00           0.100000E+01           0.000000E+00
      0.165720E+00           0.000000E+00           0.100000E+01





#----------------------------------------------------------------------
# Basis Set Exchange
# Version v0.8.13
# https://www.basissetexchange.org
#----------------------------------------------------------------------
#   Basis set: aug-pcX-2
# Description: Jensen aug-pcX basis set (containing diffuse functions)
#                    optimized for core-spectroscopy
#        Role: orbital
#     Version: 1  (Data from Frank Jensen)
#----------------------------------------------------------------------

# Carbon aug-pcX-2 (11s,7p,3d,2f) -> [11s,7p,3d,2f]
C aug-pcX-2
    23
1 0 0 1 1
      0.933941E+04           1.0000000
1 0 0 1 1
      0.140098E+04           1.0000000
1 0 0 1 1
      0.318932E+03           1.0000000
1 0 0 1 1
      0.902733E+02           1.0000000
1 0 0 1 1
      0.292120E+02           1.0000000
1 0 0 1 1
      0.102764E+02           1.0000000
1 0 0 1 1
      0.374099E+01           1.0000000
1 0 0 1 1
      0.100976E+01           1.0000000
1 0 0 1 1
      0.401165E+00           1.0000000
1 0 0 1 1
      0.137461E+00           1.0000000
1 0 0 1 1
      0.440616E-01           1.0000000
1 1 1 1 1
      0.402364E+02           1.0000000
1 1 1 1 1
      0.918901E+01           1.0000000
1 1 1 1 1
      0.269439E+01           1.0000000
1 1 1 1 1
      0.921743E+00           1.0000000
1 1 1 1 1
      0.315677E+00           1.0000000
1 1 1 1 1
      0.101064E+00           1.0000000
1 1 1 1 1
      0.308670E-01           1.0000000
1 2 2 1 1
      0.158745E+01           1.0000000
1 2 2 1 1
      0.497494E+00           1.0000000
1 2 2 1 1
      0.926020E-01           1.0000000
1 3 3 1 1
      0.984378E+00           1.0000000
1 3 3 1 1
      0.123470E+00           1.0000000


# Oxygen aug-pcX-2 (11s,7p,3d,2f) -> [11s,7p,3d,2f]
O aug-pcX-2
    23
1 0 0 1 1
      0.168149E+05           1.0000000
1 0 0 1 1
      0.252216E+04           1.0000000
1 0 0 1 1
      0.574121E+03           1.0000000
1 0 0 1 1
      0.162513E+03           1.0000000
1 0 0 1 1
      0.526845E+02           1.0000000
1 0 0 1 1
      0.186061E+02           1.0000000
1 0 0 1 1
      0.682448E+01           1.0000000
1 0 0 1 1
      0.193105E+01           1.0000000
1 0 0 1 1
      0.743149E+00           1.0000000
1 0 0 1 1
      0.247793E+00           1.0000000
1 0 0 1 1
      0.775578E-01           1.0000000
1 1 1 1 1
      0.684929E+02           1.0000000
1 1 1 1 1
      0.158224E+02           1.0000000
1 1 1 1 1
      0.473591E+01           1.0000000
1 1 1 1 1
      0.161501E+01           1.0000000
1 1 1 1 1
      0.540907E+00           1.0000000
1 1 1 1 1
      0.163898E+00           1.0000000
1 1 1 1 1
      0.468299E-01           1.0000000
1 2 2 1 1
      0.248193E+01           1.0000000
1 2 2 1 1
      0.721110E+00           1.0000000
1 2 2 1 1
      0.140489E+00           1.0000000
1 3 3 1 1
      0.114891E+01           1.0000000
1 3 3 1 1
      0.187320E+00           1.0000000

# Sulfur aug-pcX-2 (14s,11p,3d,2f) -> [14s,11p,3d,2f]
S aug-pcX-2
    30
1 0 0 1 1
      0.186023E+06           1.0000000
1 0 0 1 1
      0.278793E+05           1.0000000
1 0 0 1 1
      0.634517E+04           1.0000000
1 0 0 1 1
      0.179679E+04           1.0000000
1 0 0 1 1
      0.585792E+03           1.0000000
1 0 0 1 1
      0.210910E+03           1.0000000
1 0 0 1 1
      0.815877E+02           1.0000000
1 0 0 1 1
      0.329702E+02           1.0000000
1 0 0 1 1
      0.132895E+02           1.0000000
1 0 0 1 1
      0.519925E+01           1.0000000
1 0 0 1 1
      0.206500E+01           1.0000000
1 0 0 1 1
      0.495515E+00           1.0000000
1 0 0 1 1
      0.172848E+00           1.0000000
1 0 0 1 1
      0.563613E-01           1.0000000
1 1 1 1 1
      0.104589E+04           1.0000000
1 1 1 1 1
      0.248140E+03           1.0000000
1 1 1 1 1
      0.797874E+02           1.0000000
1 1 1 1 1
      0.295534E+02           1.0000000
1 1 1 1 1
      0.120023E+02           1.0000000
1 1 1 1 1
      0.503592E+01           1.0000000
1 1 1 1 1
      0.211096E+01           1.0000000
1 1 1 1 1
      0.762829E+00           1.0000000
1 1 1 1 1
      0.285036E+00           1.0000000
1 1 1 1 1
      0.966929E-01           1.0000000
1 1 1 1 1
      0.307173E-01           1.0000000
1 2 2 1 1
      0.220250E+01           1.0000000
1 2 2 1 1
      0.499600E+00           1.0000000
1 2 2 1 1
      0.921513E-01           1.0000000
1 3 3 1 1
      0.689348E+00           1.0000000
1 3 3 1 1
      0.122867E+00           1.0000000


#----------------------------------------------------------------------
# Basis Set Exchange
# Version 0.11
# https://www.basissetexchange.org
#----------------------------------------------------------------------
#   Basis set: aug-pcseg-2
# Description: Segmented contracted version of the aug-pc-2 basis
#        Role: orbital
#     Version: 1  (Data from Frank Jensen (2014))
#----------------------------------------------------------------------


# Sodium aug-pcseg-2 (16s,10p,2d) -> [6s,4p,2d]
Na aug-pcseg-2
    12
1 0 0 8 1
      0.570255E+05           0.257591E-03
      0.854710E+04           0.199792E-02
      0.194516E+04           0.103946E-01
      0.550737E+03           0.422553E-01
      0.179362E+03           0.137082E+00
      0.643703E+02           0.329261E+00
      0.247211E+02           0.500000E+00
      0.962704E+01           0.312399E+00
1 0 0 3 1
      0.547955E+02          -0.274204E-01
      0.162859E+02          -0.124741E+00
      0.249115E+01           0.500000E+00
1 0 0 2 1
      0.102140E+01           0.500000E+00
      0.414410E+00           0.217447E+00
1 0 0 1 1
      0.626192E-01           1.0000000
1 0 0 1 1
      0.223001E-01           1.0000000
1 0 0 1 1
      0.741360E-02           1.0000000
1 1 1 7 1
      0.230133E+03           0.336899E-02
      0.541082E+02           0.261720E-01
      0.173774E+02           0.110467E+00
      0.630965E+01           0.307494E+00
      0.240664E+01           0.505540E+00
      0.901852E+00           0.500000E+00
      0.314401E+00           0.218440E+00
1 1 1 1 1
      0.121000E+00           1.0000000
1 1 1 1 1
      0.390000E-01           1.0000000
1 1 1 1 1
      0.118090E-01           1.0000000
1 2 2 1 1
      0.240000E+00           1.0000000
1 2 2 1 1
      0.354270E-01           1.0000000



#----------------------------------------------------------------------
# Basis Set Exchange
# Version 0.11
# https://www.basissetexchange.org
#----------------------------------------------------------------------
#   Basis set: aug-admm-2
# Description: Auxiliary basis with diffuse functions for use with aug-
#                    pcseg-2 and the Auxiliary-Density Matrix Method
#                    (ADMM)
#        Role: admmfit
#     Version: 1  (Data from Frank Jensen)
#----------------------------------------------------------------------


# Sodium aug-admm-2 (8s,6p) -> [6s,4p]
Na aug-admm-2
    2
1 0 0 8 6
      0.392414E+03           0.827020E-01           0.000000E+00           0.000000E+00           0.000000E+00           0.000000E+00           0.000000E+00
      0.660124E+02           0.366808E+00           0.000000E+00           0.000000E+00           0.000000E+00           0.000000E+00           0.000000E+00
      0.160128E+02           0.500000E+00           0.000000E+00           0.000000E+00           0.000000E+00           0.000000E+00           0.000000E+00
      0.183143E+01           0.000000E+00           0.100000E+01           0.000000E+00           0.000000E+00           0.000000E+00           0.000000E+00
      0.598172E+00           0.000000E+00           0.000000E+00           0.100000E+01           0.000000E+00           0.000000E+00           0.000000E+00
      0.647813E-01           0.000000E+00           0.000000E+00           0.000000E+00           0.100000E+01           0.000000E+00           0.000000E+00
      0.231472E-01           0.000000E+00           0.000000E+00           0.000000E+00           0.000000E+00           0.100000E+01           0.000000E+00
      0.771920E-02           0.000000E+00           0.000000E+00           0.000000E+00           0.000000E+00           0.000000E+00           0.100000E+01
1 1 1 6 4
      0.251628E+02           0.789727E-01           0.000000E+00           0.000000E+00           0.000000E+00
      0.568045E+01           0.329972E+00           0.000000E+00           0.000000E+00           0.000000E+00
      0.159335E+01           0.500000E+00           0.000000E+00           0.000000E+00           0.000000E+00
      0.440949E+00           0.000000E+00           0.100000E+01           0.000000E+00           0.000000E+00
      0.750000E-01           0.000000E+00           0.000000E+00           0.100000E+01           0.000000E+00
      0.187500E-01           0.000000E+00           0.000000E+00           0.000000E+00           0.100000E+01


#----------------------------------------------------------------------
# Basis Set Exchange
# Version 0.11
# https://www.basissetexchange.org
#----------------------------------------------------------------------
#   Basis set: aug-pcseg-2
# Description: Segmented contracted version of the aug-pc-2 basis
#        Role: orbital
#     Version: 1  (Data from Frank Jensen (2014))
#----------------------------------------------------------------------


# Carbon aug-pcseg-2 (12s,7p,3d,2f) -> [5s,4p,3d,2f]
C aug-pcseg-2
    14
1 0 0 7 1
      0.731999E+04           0.695369E-03
      0.109818E+04           0.537138E-02
      0.250014E+03           0.274734E-01
      0.707586E+02           0.105078E+00
      0.228595E+02           0.291262E+00
      0.803936E+01           0.500000E+00
      0.289309E+01           0.362224E+00
1 0 0 2 1
      0.521640E+01          -0.957844E-01
      0.556124E+00           0.500000E+00
1 0 0 1 1
      0.228813E+00           1.0000000
1 0 0 1 1
      0.936338E-01           1.0000000
1 0 0 1 1
      0.354180E-01           1.0000000
1 1 1 4 1
      0.339855E+02           0.818395E-02
      0.772957E+01           0.586921E-01
      0.224954E+01           0.222514E+00
      0.767681E+00           0.500000E+00
1 1 1 1 1
      0.263283E+00           1.0000000
1 1 1 1 1
      0.848744E-01           1.0000000
1 1 1 1 1
      0.257040E-01           1.0000000
1 2 2 1 1
      0.140000E+01           1.0000000
1 2 2 1 1
      0.450000E+00           1.0000000
1 2 2 1 1
      0.771110E-01           1.0000000
1 3 3 1 1
      0.950000E+00           1.0000000
1 3 3 1 1
      0.102810E+00           1.0000000



#----------------------------------------------------------------------
# Basis Set Exchange
# Version 0.11
# https://www.basissetexchange.org
#----------------------------------------------------------------------
#   Basis set: aug-admm-2
# Description: Auxiliary basis with diffuse functions for use with aug-
#                    pcseg-2 and the Auxiliary-Density Matrix Method
#                    (ADMM)
#        Role: admmfit
#     Version: 1  (Data from Frank Jensen)
#----------------------------------------------------------------------


# Carbon aug-admm-2 (6s,4p,2d) -> [5s,3p,2d]
C aug-admm-2
    3
1 0 0 6 5
      0.109016E+03           0.118228E+00           0.000000E+00           0.000000E+00           0.000000E+00           0.000000E+00
      0.182646E+02           0.500000E+00           0.000000E+00           0.000000E+00           0.000000E+00           0.000000E+00
      0.434792E+01           0.000000E+00           0.100000E+01           0.000000E+00           0.000000E+00           0.000000E+00
      0.481253E+00           0.000000E+00           0.000000E+00           0.100000E+01           0.000000E+00           0.000000E+00
      0.143588E+00           0.000000E+00           0.000000E+00           0.000000E+00           0.100000E+01           0.000000E+00
      0.404290E-01           0.000000E+00           0.000000E+00           0.000000E+00           0.000000E+00           0.100000E+01
1 1 1 4 3
      0.282339E+01           0.179752E+00           0.000000E+00           0.000000E+00
      0.590232E+00           0.500000E+00           0.000000E+00           0.000000E+00
      0.152426E+00           0.000000E+00           0.100000E+01           0.000000E+00
      0.381070E-01           0.000000E+00           0.000000E+00           0.100000E+01
1 2 2 2 2
      0.800000E+00           0.100000E+01           0.000000E+00
      0.114320E+00           0.000000E+00           0.100000E+01


